Vertex Count: 528

Data: 

-0.845352 4.6911 -0.499999 0.375 0.75 0 0 -1
0.154648 3.6911 -0.499999 0.625 1 0 0.155715 -0.987802
-0.845352 3.6911 -0.499999 0.375 1 0 0.15316 -0.988201
0.154648 4.6911 -0.499999 0.625 0.75 0 0 -1
0.154648 3.6911 -0.499999 0.625 1 0 0.155715 -0.987802
-0.845352 4.6911 -0.499999 0.375 0.75 0 0 -1
-0.970477 7.4947 0.625125 0.375 0.5 0 1 -0
0.279772 7.4947 -0.625124 0.625 0.75 0 1 -0
-0.970477 7.4947 -0.625124 0.375 0.75 0 1 -0
0.279772 7.4947 0.625125 0.625 0.5 0 1 -0
0.279772 7.4947 -0.625124 0.625 0.75 0 1 -0
-0.970477 7.4947 0.625125 0.375 0.5 0 1 -0
-0.845352 3.6911 0.500001 0.375 0.25 0 0.155715 0.987802
0.154648 4.6911 0.500001 0.625 0.5 0 0 1
-0.845352 4.6911 0.500001 0.375 0.5 0 0 1
0.154648 3.6911 0.500001 0.625 0.25 0 0.15316 0.988201
0.154648 4.6911 0.500001 0.625 0.5 0 0 1
-0.845352 3.6911 0.500001 0.375 0.25 0 0.155715 0.987802
-0.672093 0 0.091684 0.375 0.125 0 -1 -0
-0.018612 0 0.66798 0.625 0.25 0 -1 -0
-0.672093 0 0.66798 0.375 0.25 0 -1 -0
-0.018612 0 0.091684 0.625 0.125 0 -1 -0
-0.018612 0 0.66798 0.625 0.25 0 -1 -0
-0.672093 0 0.091684 0.375 0.125 0 -1 -0
0.154648 4.6911 -0.499999 0.625 0.75 0.998653 0 -0.05189
0.154648 3.6911 0.500001 0.875 1 0.99984 -0.017869 -0
0.154648 3.6911 -0.499999 0.625 1 0.99984 -0.017869 -0
0.154648 4.6911 0.500001 0.875 0.75 0.999068 0 0.043158
0.154648 3.6911 0.500001 0.875 1 0.99984 -0.017869 -0
0.154648 4.6911 -0.499999 0.625 0.75 0.998653 0 -0.05189
-0.845352 4.6911 0.500001 0.125 0.75 -0.998653 0 0.05189
-0.845352 3.6911 -0.499999 0.375 1 -0.99984 -0.017869 -0
-0.845352 3.6911 0.500001 0.125 1 -0.99984 -0.017869 -0
-0.845352 4.6911 -0.499999 0.375 0.75 -0.999068 0 -0.043158
-0.845352 3.6911 -0.499999 0.375 1 -0.99984 -0.017869 -0
-0.845352 4.6911 0.500001 0.125 0.75 -0.998653 0 0.05189
-0.69144 5.53719 -1.47397 0.375 0.75 0 0 -1
0.000735 4.84501 -1.47397 0.625 0.75 0 0 -1
-0.69144 4.84501 -1.47397 0.375 0.75 0 0 -1
0.000735 5.53719 -1.47397 0.625 0.75 0 0 -1
0.000735 4.84501 -1.47397 0.625 0.75 0 0 -1
-0.69144 5.53719 -1.47397 0.375 0.75 0 0 -1
0.154648 5.6911 -0.499999 0.625 0.75 0.992027 -0.108523 -0.064076
0.154648 4.6911 0.500001 0.625 0.5 0.999068 0 0.043158
0.154648 4.6911 -0.499999 0.625 0.75 0.998653 0 -0.05189
0.154648 5.6911 0.500001 0.625 0.5 0.989678 -0.123181 0.073244
0.154648 4.6911 0.500001 0.625 0.5 0.999068 0 0.043158
0.154648 5.6911 -0.499999 0.625 0.75 0.992027 -0.108523 -0.064076
0.000735 5.53719 1.47397 0.625 0.5 0 0 1
-0.69144 4.84501 1.47397 0.375 0.5 0 0 1
0.000735 4.84501 1.47397 0.625 0.5 0 0 1
-0.69144 5.53719 1.47397 0.375 0.5 0 0 1
-0.69144 4.84501 1.47397 0.375 0.5 0 0 1
0.000735 5.53719 1.47397 0.625 0.5 0 0 1
-0.845352 5.6911 0.500001 0.375 0.5 -0.992027 -0.108523 0.064076
-0.845352 4.6911 -0.499999 0.375 0.75 -0.999068 0 -0.043158
-0.845352 4.6911 0.500001 0.375 0.5 -0.998653 0 0.05189
-0.845352 5.6911 -0.499999 0.375 0.75 -0.989678 -0.123181 -0.073244
-0.845352 4.6911 -0.499999 0.375 0.75 -0.999068 0 -0.043158
-0.845352 5.6911 0.500001 0.375 0.5 -0.992027 -0.108523 0.064076
-0.69144 4.84501 -0.900704 0.375 0.75 0 -0.933505 -0.358564
0.154648 4.6911 -0.499999 0.625 0.75 0 -0.933505 -0.358564
-0.845352 4.6911 -0.499999 0.375 0.75 0 -0.933505 -0.358564
0.000735 4.84501 -0.900704 0.625 0.75 0 -0.933505 -0.358564
0.154648 4.6911 -0.499999 0.625 0.75 0 -0.933505 -0.358564
-0.69144 4.84501 -0.900704 0.375 0.75 0 -0.933505 -0.358564
0.000735 4.84501 -0.900704 0.625 0.75 0.992712 0 -0.120513
0.154648 5.6911 -0.499999 0.625 0.75 0.992027 -0.108523 -0.064076
0.154648 4.6911 -0.499999 0.625 0.75 0.998653 0 -0.05189
0.000735 5.53719 -0.900704 0.625 0.75 0.98474 0 -0.174029
0.154648 5.6911 -0.499999 0.625 0.75 0.992027 -0.108523 -0.064076
0.000735 4.84501 -0.900704 0.625 0.75 0.992712 0 -0.120513
0.000735 5.53719 -0.900704 0.625 0.75 0 0.979729 -0.200326
-0.845352 5.6911 -0.499999 0.375 0.75 0 0.933505 -0.358564
0.154648 5.6911 -0.499999 0.625 0.75 0 0.933505 -0.358564
-0.69144 5.53719 -0.900704 0.375 0.75 0 0.984741 -0.174029
-0.845352 5.6911 -0.499999 0.375 0.75 0 0.933505 -0.358564
0.000735 5.53719 -0.900704 0.625 0.75 0 0.979729 -0.200326
-0.69144 5.53719 -0.900704 0.375 0.75 -0.979729 0 -0.200326
-0.845352 4.6911 -0.499999 0.375 0.75 -0.999068 0 -0.043158
-0.845352 5.6911 -0.499999 0.375 0.75 -0.989678 -0.123181 -0.073244
-0.69144 4.84501 -0.900704 0.375 0.75 -0.995162 0 -0.098252
-0.845352 4.6911 -0.499999 0.375 0.75 -0.999068 0 -0.043158
-0.69144 5.53719 -0.900704 0.375 0.75 -0.979729 0 -0.200326
0.000735 4.84501 0.900704 0.625 0.5 0 -0.933505 0.358565
-0.845352 4.6911 0.500001 0.375 0.5 0 -0.933505 0.358564
0.154648 4.6911 0.500001 0.625 0.5 0 -0.933505 0.358565
-0.69144 4.84501 0.900704 0.375 0.5 0 -0.933505 0.358564
-0.845352 4.6911 0.500001 0.375 0.5 0 -0.933505 0.358564
0.000735 4.84501 0.900704 0.625 0.5 0 -0.933505 0.358565
-0.69144 4.84501 0.900704 0.375 0.5 -0.992712 0 0.120513
-0.845352 5.6911 0.500001 0.375 0.5 -0.992027 -0.108523 0.064076
-0.845352 4.6911 0.500001 0.375 0.5 -0.998653 0 0.05189
-0.69144 5.53719 0.900704 0.375 0.5 -0.98474 0 0.174029
-0.845352 5.6911 0.500001 0.375 0.5 -0.992027 -0.108523 0.064076
-0.69144 4.84501 0.900704 0.375 0.5 -0.992712 0 0.120513
-0.69144 5.53719 0.900704 0.375 0.5 0 0.979729 0.200326
0.154648 5.6911 0.500001 0.625 0.5 0 0.933505 0.358565
-0.845352 5.6911 0.500001 0.375 0.5 0 0.933505 0.358565
0.000735 5.53719 0.900704 0.625 0.5 0 0.98474 0.174029
0.154648 5.6911 0.500001 0.625 0.5 0 0.933505 0.358565
-0.69144 5.53719 0.900704 0.375 0.5 0 0.979729 0.200326
0.000735 5.53719 0.900704 0.625 0.5 0.979729 0 0.200326
0.154648 4.6911 0.500001 0.625 0.5 0.999068 0 0.043158
0.154648 5.6911 0.500001 0.625 0.5 0.989678 -0.123181 0.073244
0.000735 4.84501 0.900704 0.625 0.5 0.995162 0 0.098252
0.154648 4.6911 0.500001 0.625 0.5 0.999068 0 0.043158
0.000735 5.53719 0.900704 0.625 0.5 0.979729 0 0.200326
-0.69144 2.66768 -1.47397 0.375 0.75 0 -1 -0
0.000735 2.66768 -0.900704 0.625 0.75 0 -1 -0
-0.69144 2.66768 -0.900704 0.375 0.75 0 -1 -0
0.000735 2.66768 -1.47397 0.625 0.75 0 -1 -0
0.000735 2.66768 -0.900704 0.625 0.75 0 -1 -0
-0.69144 2.66768 -1.47397 0.375 0.75 0 -1 -0
0.000735 4.84501 -1.47397 0.625 0.75 1 0 -0
0.000735 5.53719 -0.900704 0.625 0.75 0.98474 0 -0.174029
0.000735 4.84501 -0.900704 0.625 0.75 0.992712 0 -0.120513
0.000735 5.53719 -1.47397 0.625 0.75 1 0 -0
0.000735 5.53719 -0.900704 0.625 0.75 0.98474 0 -0.174029
0.000735 4.84501 -1.47397 0.625 0.75 1 0 -0
0.000735 5.53719 -1.47397 0.625 0.75 0 1 -0
-0.69144 5.53719 -0.900704 0.375 0.75 0 0.984741 -0.174029
0.000735 5.53719 -0.900704 0.625 0.75 0 0.979729 -0.200326
-0.69144 5.53719 -1.47397 0.375 0.75 0 1 -0
-0.69144 5.53719 -0.900704 0.375 0.75 0 0.984741 -0.174029
0.000735 5.53719 -1.47397 0.625 0.75 0 1 -0
-0.69144 5.53719 -1.47397 0.375 0.75 -1 0 -0
-0.69144 4.84501 -0.900704 0.375 0.75 -0.995162 0 -0.098252
-0.69144 5.53719 -0.900704 0.375 0.75 -0.979729 0 -0.200326
-0.69144 4.84501 -1.47397 0.375 0.75 -1 0 -0
-0.69144 4.84501 -0.900704 0.375 0.75 -0.995162 0 -0.098252
-0.69144 5.53719 -1.47397 0.375 0.75 -1 0 -0
0.000735 2.66767 1.47397 0.625 0.5 0 -1 -0
-0.69144 2.66767 0.900704 0.375 0.5 0 -1 -0
0.000735 2.66767 0.900704 0.625 0.5 0 -1 -0
-0.69144 2.66767 1.47397 0.375 0.5 0 -1 -0
-0.69144 2.66767 0.900704 0.375 0.5 0 -1 -0
0.000735 2.66767 1.47397 0.625 0.5 0 -1 -0
-0.69144 4.84501 1.47397 0.375 0.5 -1 0 -0
-0.69144 5.53719 0.900704 0.375 0.5 -0.98474 0 0.174029
-0.69144 4.84501 0.900704 0.375 0.5 -0.992712 0 0.120513
-0.69144 5.53719 1.47397 0.375 0.5 -1 0 -0
-0.69144 5.53719 0.900704 0.375 0.5 -0.98474 0 0.174029
-0.69144 4.84501 1.47397 0.375 0.5 -1 0 -0
-0.69144 5.53719 1.47397 0.375 0.5 0 1 -0
0.000735 5.53719 0.900704 0.625 0.5 0 0.98474 0.174029
-0.69144 5.53719 0.900704 0.375 0.5 0 0.979729 0.200326
0.000735 5.53719 1.47397 0.625 0.5 0 1 -0
0.000735 5.53719 0.900704 0.625 0.5 0 0.98474 0.174029
-0.69144 5.53719 1.47397 0.375 0.5 0 1 -0
0.000735 5.53719 1.47397 0.625 0.5 1 0 -0
0.000735 4.84501 0.900704 0.625 0.5 0.995162 0 0.098252
0.000735 5.53719 0.900704 0.625 0.5 0.979729 0 0.200326
0.000735 4.84501 1.47397 0.625 0.5 1 0 -0
0.000735 4.84501 0.900704 0.625 0.5 0.995162 0 0.098252
0.000735 5.53719 1.47397 0.625 0.5 1 0 -0
-0.69144 3.8322 -0.900704 0.375 0.75 0 0 1
0.000735 4.84501 -0.900704 0.625 0.75 0 0 1
-0.69144 4.84501 -0.900704 0.375 0.75 0 0 1
0.000735 3.8322 -0.900704 0.625 0.75 0 0 1
0.000735 4.84501 -0.900704 0.625 0.75 0 0 1
-0.69144 3.8322 -0.900704 0.375 0.75 0 0 1
0.000735 3.8322 -0.900704 0.625 0.75 1 0 -0
0.000735 4.84501 -1.47397 0.625 0.75 1 0 -0
0.000735 4.84501 -0.900704 0.625 0.75 0.992712 0 -0.120513
0.000735 3.8322 -1.47397 0.625 0.75 1 0 -0
0.000735 4.84501 -1.47397 0.625 0.75 1 0 -0
0.000735 3.8322 -0.900704 0.625 0.75 1 0 -0
0.000735 3.8322 -1.47397 0.625 0.75 0 0 -1
-0.69144 4.84501 -1.47397 0.375 0.75 0 0 -1
0.000735 4.84501 -1.47397 0.625 0.75 0 0 -1
-0.69144 3.8322 -1.47397 0.375 0.75 0 0 -1
-0.69144 4.84501 -1.47397 0.375 0.75 0 0 -1
0.000735 3.8322 -1.47397 0.625 0.75 0 0 -1
-0.69144 3.8322 -1.47397 0.375 0.75 -1 0 -0
-0.69144 4.84501 -0.900704 0.375 0.75 -0.995162 0 -0.098252
-0.69144 4.84501 -1.47397 0.375 0.75 -1 0 -0
-0.69144 3.8322 -0.900704 0.375 0.75 -1 0 -0
-0.69144 4.84501 -0.900704 0.375 0.75 -0.995162 0 -0.098252
-0.69144 3.8322 -1.47397 0.375 0.75 -1 0 -0
0.000735 3.8322 0.900704 0.625 0.5 0 0 -1
-0.69144 4.84501 0.900704 0.375 0.5 0 0 -1
0.000735 4.84501 0.900704 0.625 0.5 0 0 -1
-0.69144 3.8322 0.900704 0.375 0.5 0 0 -1
-0.69144 4.84501 0.900704 0.375 0.5 0 0 -1
0.000735 3.8322 0.900704 0.625 0.5 0 0 -1
-0.69144 3.8322 0.900704 0.375 0.5 -1 0 -0
-0.69144 4.84501 1.47397 0.375 0.5 -1 0 -0
-0.69144 4.84501 0.900704 0.375 0.5 -0.992712 0 0.120513
-0.69144 3.8322 1.47397 0.375 0.5 -1 0 -0
-0.69144 4.84501 1.47397 0.375 0.5 -1 0 -0
-0.69144 3.8322 0.900704 0.375 0.5 -1 0 -0
-0.69144 3.8322 1.47397 0.375 0.5 0 0 1
0.000735 4.84501 1.47397 0.625 0.5 0 0 1
-0.69144 4.84501 1.47397 0.375 0.5 0 0 1
0.000735 3.8322 1.47397 0.625 0.5 0 0 1
0.000735 4.84501 1.47397 0.625 0.5 0 0 1
-0.69144 3.8322 1.47397 0.375 0.5 0 0 1
0.000735 3.8322 1.47397 0.625 0.5 1 0 -0
0.000735 4.84501 0.900704 0.625 0.5 0.995162 0 0.098252
0.000735 4.84501 1.47397 0.625 0.5 1 0 -0
0.000735 3.8322 0.900704 0.625 0.5 1 0 -0
0.000735 4.84501 0.900704 0.625 0.5 0.995162 0 0.098252
0.000735 3.8322 1.47397 0.625 0.5 1 0 -0
-0.69144 2.66768 -0.900704 0.375 0.75 0 0 1
0.000735 3.8322 -0.900704 0.625 0.75 0 0 1
-0.69144 3.8322 -0.900704 0.375 0.75 0 0 1
0.000735 2.66768 -0.900704 0.625 0.75 0 0 1
0.000735 3.8322 -0.900704 0.625 0.75 0 0 1
-0.69144 2.66768 -0.900704 0.375 0.75 0 0 1
0.000735 2.66768 -0.900704 0.625 0.75 1 0 -0
0.000735 3.8322 -1.47397 0.625 0.75 1 0 -0
0.000735 3.8322 -0.900704 0.625 0.75 1 0 -0
0.000735 2.66768 -1.47397 0.625 0.75 1 0 -0
0.000735 3.8322 -1.47397 0.625 0.75 1 0 -0
0.000735 2.66768 -0.900704 0.625 0.75 1 0 -0
0.000735 2.66768 -1.47397 0.625 0.75 0 0 -1
-0.69144 3.8322 -1.47397 0.375 0.75 0 0 -1
0.000735 3.8322 -1.47397 0.625 0.75 0 0 -1
-0.69144 2.66768 -1.47397 0.375 0.75 0 0 -1
-0.69144 3.8322 -1.47397 0.375 0.75 0 0 -1
0.000735 2.66768 -1.47397 0.625 0.75 0 0 -1
-0.69144 2.66768 -1.47397 0.375 0.75 -1 0 -0
-0.69144 3.8322 -0.900704 0.375 0.75 -1 0 -0
-0.69144 3.8322 -1.47397 0.375 0.75 -1 0 -0
-0.69144 2.66768 -0.900704 0.375 0.75 -1 0 -0
-0.69144 3.8322 -0.900704 0.375 0.75 -1 0 -0
-0.69144 2.66768 -1.47397 0.375 0.75 -1 0 -0
0.000735 2.66767 0.900704 0.625 0.5 0 0 -1
-0.69144 3.8322 0.900704 0.375 0.5 0 0 -1
0.000735 3.8322 0.900704 0.625 0.5 0 0 -1
-0.69144 2.66767 0.900704 0.375 0.5 0 0 -1
-0.69144 3.8322 0.900704 0.375 0.5 0 0 -1
0.000735 2.66767 0.900704 0.625 0.5 0 0 -1
-0.69144 2.66767 0.900704 0.375 0.5 -1 0 -0
-0.69144 3.8322 1.47397 0.375 0.5 -1 0 -0
-0.69144 3.8322 0.900704 0.375 0.5 -1 0 -0
-0.69144 2.66767 1.47397 0.375 0.5 -1 0 -0
-0.69144 3.8322 1.47397 0.375 0.5 -1 0 -0
-0.69144 2.66767 0.900704 0.375 0.5 -1 0 -0
-0.69144 2.66767 1.47397 0.375 0.5 0 0 1
0.000735 3.8322 1.47397 0.625 0.5 0 0 1
-0.69144 3.8322 1.47397 0.375 0.5 0 0 1
0.000735 2.66767 1.47397 0.625 0.5 0 0 1
0.000735 3.8322 1.47397 0.625 0.5 0 0 1
-0.69144 2.66767 1.47397 0.375 0.5 0 0 1
0.000735 2.66767 1.47397 0.625 0.5 1 0 -0
0.000735 3.8322 0.900704 0.625 0.5 1 0 -0
0.000735 3.8322 1.47397 0.625 0.5 1 0 -0
0.000735 2.66767 0.900704 0.625 0.5 1 0 -0
0.000735 3.8322 0.900704 0.625 0.5 1 0 -0
0.000735 2.66767 1.47397 0.625 0.5 1 0 -0
-0.812374 2.75136 0.809194 0.375 0.25 0 0.312537 0.949906
0.154648 3.6911 0.500001 0.625 0.25 0 0.15316 0.988201
-0.845352 3.6911 0.500001 0.375 0.25 0 0.155715 0.987802
0.121669 2.75136 0.809194 0.625 0.25 0 0.312537 0.949906
0.154648 3.6911 0.500001 0.625 0.25 0 0.15316 0.988201
-0.812374 2.75136 0.809194 0.375 0.25 0 0.312537 0.949906
0.154648 3.6911 -0.499999 0.625 0 0.99984 -0.017869 -0
0.121669 2.75136 -0 0.625 0.125 0.999385 -0.035072 -0
0.121669 2.75136 -0.809193 0.625 0 0.999385 -0.035072 -0
0.154648 3.6911 0.500001 0.625 0.25 0.99984 -0.017869 -0
0.121669 2.75136 -0 0.625 0.125 0.999385 -0.035072 -0
0.154648 3.6911 -0.499999 0.625 0 0.99984 -0.017869 -0
0.121669 2.75136 0.809194 0.625 0.25 0.999385 -0.035072 -0
0.121669 2.75136 -0 0.625 0.125 0.999385 -0.035072 -0
0.154648 3.6911 0.500001 0.625 0.25 0.99984 -0.017869 -0
0.121669 2.75136 -0.809193 0.625 0 0 0.312537 -0.949906
-0.845352 3.6911 -0.499999 0.375 0 0 0.15316 -0.988201
0.154648 3.6911 -0.499999 0.625 0 0 0.155715 -0.987802
-0.812374 2.75136 -0.809193 0.375 0 0 0.312537 -0.949906
-0.845352 3.6911 -0.499999 0.375 0 0 0.15316 -0.988201
0.121669 2.75136 -0.809193 0.625 0 0 0.312537 -0.949906
-0.845352 3.6911 0.500001 0.375 0.25 -0.99984 -0.017869 -0
-0.812374 2.75136 -0 0.375 0.125 -0.999385 -0.035072 -0
-0.812374 2.75136 0.809194 0.375 0.25 -0.999385 -0.035072 -0
-0.845352 3.6911 -0.499999 0.375 0 -0.99984 -0.017869 -0
-0.812374 2.75136 -0 0.375 0.125 -0.999385 -0.035072 -0
-0.845352 3.6911 0.500001 0.375 0.25 -0.99984 -0.017869 -0
-0.812374 2.75136 -0.809193 0.375 0 -0.999385 -0.035072 -0
-0.812374 2.75136 -0 0.375 0.125 -0.999385 -0.035072 -0
-0.845352 3.6911 -0.499999 0.375 0 -0.99984 -0.017869 -0
-0.672093 0 -0.667979 0.375 0 0 -1 -0
-0.018612 0 -0.091684 0.625 0.125 0 -1 -0
-0.672093 0 -0.091684 0.375 0.125 0 -1 -0
-0.018612 0 -0.667979 0.625 0 0 -1 -0
-0.018612 0 -0.091684 0.625 0.125 0 -1 -0
-0.672093 0 -0.667979 0.375 0 0 -1 -0
-0.626948 1.76472 0.728572 0.375 0.25 0 -0.069117 0.997609
0.121669 2.75136 0.809194 0.625 0.25 0 -0.081442 0.996678
-0.812374 2.75136 0.809194 0.375 0.25 0 -0.081442 0.996678
-0.063757 1.76472 0.728572 0.625 0.25 0 -0.066876 0.997761
0.121669 2.75136 0.809194 0.625 0.25 0 -0.081442 0.996678
-0.626948 1.76472 0.728572 0.375 0.25 0 -0.069117 0.997609
0.121669 2.75136 0.809194 0.625 0.25 0.982794 -0.184704 -0
-0.063757 1.76472 0.100001 0.625 0.125 0.997002 -0.077372 -0
0.121669 2.75136 -0 0.625 0.125 0.982794 -0.184704 -0
-0.063757 1.76472 0.728572 0.625 0.25 0.997479 -0.070969 -0
-0.063757 1.76472 0.100001 0.625 0.125 0.997002 -0.077372 -0
0.121669 2.75136 0.809194 0.625 0.25 0.982794 -0.184704 -0
-0.063757 1.76472 0.100001 0.625 0.125 0 -0.052974 -0.998596
-0.812374 2.75136 -0 0.375 0.125 0 -0.100838 -0.994903
0.121669 2.75136 -0 0.625 0.125 0 -0.100838 -0.994903
-0.626948 1.76472 0.100001 0.375 0.125 0 -0.044245 -0.999021
-0.812374 2.75136 -0 0.375 0.125 0 -0.100838 -0.994903
-0.063757 1.76472 0.100001 0.625 0.125 0 -0.052974 -0.998596
-0.626948 1.76472 0.100001 0.375 0.125 -0.997002 -0.077372 -0
-0.812374 2.75136 0.809194 0.375 0.25 -0.982794 -0.184704 -0
-0.812374 2.75136 -0 0.375 0.125 -0.982794 -0.184704 -0
-0.626948 1.76472 0.728572 0.375 0.25 -0.997479 -0.070969 -0
-0.812374 2.75136 0.809194 0.375 0.25 -0.982794 -0.184704 -0
-0.626948 1.76472 0.100001 0.375 0.125 -0.997002 -0.077372 -0
-0.626948 1.76472 -0.099999 0.375 0.125 0 -0.052974 0.998596
0.121669 2.75136 -0 0.625 0.125 0 -0.100838 0.994903
-0.812374 2.75136 -0 0.375 0.125 0 -0.100838 0.994903
-0.063757 1.76472 -0.099999 0.625 0.125 0 -0.044245 0.999021
0.121669 2.75136 -0 0.625 0.125 0 -0.100838 0.994903
-0.626948 1.76472 -0.099999 0.375 0.125 0 -0.052974 0.998596
-0.063757 1.76472 -0.099999 0.625 0.125 0.997002 -0.077372 -0
0.121669 2.75136 -0.809193 0.625 0 0.982794 -0.184704 -0
0.121669 2.75136 -0 0.625 0.125 0.982794 -0.184704 -0
-0.063757 1.76472 -0.728572 0.625 0 0.997479 -0.070969 -0
0.121669 2.75136 -0.809193 0.625 0 0.982794 -0.184704 -0
-0.063757 1.76472 -0.099999 0.625 0.125 0.997002 -0.077372 -0
-0.063757 1.76472 -0.728572 0.625 0 0 -0.069117 -0.997609
-0.812374 2.75136 -0.809193 0.375 0 0 -0.081442 -0.996678
0.121669 2.75136 -0.809193 0.625 0 0 -0.081442 -0.996678
-0.626948 1.76472 -0.728572 0.375 0 0 -0.066876 -0.997761
-0.812374 2.75136 -0.809193 0.375 0 0 -0.081442 -0.996678
-0.063757 1.76472 -0.728572 0.625 0 0 -0.069117 -0.997609
-0.812374 2.75136 -0.809193 0.375 0 -0.982794 -0.184704 -0
-0.626948 1.76472 -0.099999 0.375 0.125 -0.997002 -0.077372 -0
-0.812374 2.75136 -0 0.375 0.125 -0.982794 -0.184704 -0
-0.626948 1.76472 -0.728572 0.375 0 -0.997479 -0.070969 -0
-0.626948 1.76472 -0.099999 0.375 0.125 -0.997002 -0.077372 -0
-0.812374 2.75136 -0.809193 0.375 0 -0.982794 -0.184704 -0
-0.672093 0.636911 0.66798 0.375 0.25 0 -0.033471 0.99944
-0.063757 1.76472 0.728572 0.625 0.25 0 -0.066876 0.997761
-0.626948 1.76472 0.728572 0.375 0.25 0 -0.069117 0.997609
-0.018612 0.636911 0.66798 0.625 0.25 0 -0.021865 0.999761
-0.063757 1.76472 0.728572 0.625 0.25 0 -0.066876 0.997761
-0.672093 0.636911 0.66798 0.375 0.25 0 -0.033471 0.99944
-0.018612 0.636911 0.66798 0.625 0.25 0.9992 0.039997 -0
-0.063757 1.76472 0.100001 0.625 0.125 0.997002 -0.077372 -0
-0.063757 1.76472 0.728572 0.625 0.25 0.997479 -0.070969 -0
-0.018612 0.636911 0.091684 0.625 0.125 0.9992 0.039997 -0
-0.063757 1.76472 0.100001 0.625 0.125 0.997002 -0.077372 -0
-0.018612 0.636911 0.66798 0.625 0.25 0.9992 0.039997 -0
-0.018612 0.636911 0.091684 0.625 0.125 0 0.002927 -0.999996
-0.626948 1.76472 0.100001 0.375 0.125 0 -0.044245 -0.999021
-0.063757 1.76472 0.100001 0.625 0.125 0 -0.052974 -0.998596
-0.672093 0.636911 0.091684 0.375 0.125 0 0.004669 -0.999989
-0.626948 1.76472 0.100001 0.375 0.125 0 -0.044245 -0.999021
-0.018612 0.636911 0.091684 0.625 0.125 0 0.002927 -0.999996
-0.626948 1.76472 0.100001 0.375 0.125 -0.997002 -0.077372 -0
-0.672093 0.636911 0.66798 0.375 0.25 -0.999658 0.026142 -0
-0.626948 1.76472 0.728572 0.375 0.25 -0.997479 -0.070969 -0
-0.672093 0.636911 0.091684 0.375 0.125 -0.999674 0.02553 -0
-0.672093 0.636911 0.66798 0.375 0.25 -0.999658 0.026142 -0
-0.626948 1.76472 0.100001 0.375 0.125 -0.997002 -0.077372 -0
-0.672093 0.636911 -0.091684 0.375 0.125 0 0.004596 0.999989
-0.063757 1.76472 -0.099999 0.625 0.125 0 -0.044245 0.999021
-0.626948 1.76472 -0.099999 0.375 0.125 0 -0.052974 0.998596
-0.018612 0.636911 -0.091684 0.625 0.125 0 0.003002 0.999996
-0.063757 1.76472 -0.099999 0.625 0.125 0 -0.044245 0.999021
-0.672093 0.636911 -0.091684 0.375 0.125 0 0.004596 0.999989
-0.063757 1.76472 -0.099999 0.625 0.125 0.997002 -0.077372 -0
-0.018612 0.636911 -0.667979 0.625 0 0.9992 0.039997 -0
-0.063757 1.76472 -0.728572 0.625 0 0.997479 -0.070969 -0
-0.018612 0.636911 -0.091684 0.625 0.125 0.9992 0.039997 -0
-0.018612 0.636911 -0.667979 0.625 0 0.9992 0.039997 -0
-0.063757 1.76472 -0.099999 0.625 0.125 0.997002 -0.077372 -0
-0.018612 0.636911 -0.667979 0.625 0 0 -0.021325 -0.999773
-0.626948 1.76472 -0.728572 0.375 0 0 -0.066876 -0.997761
-0.063757 1.76472 -0.728572 0.625 0 0 -0.069117 -0.997609
-0.672093 0.636911 -0.667979 0.375 0 0 -0.033995 -0.999422
-0.626948 1.76472 -0.728572 0.375 0 0 -0.066876 -0.997761
-0.018612 0.636911 -0.667979 0.625 0 0 -0.021325 -0.999773
-0.672093 0.636911 -0.667979 0.375 0 -0.999658 0.026142 -0
-0.626948 1.76472 -0.099999 0.375 0.125 -0.997002 -0.077372 -0
-0.626948 1.76472 -0.728572 0.375 0 -0.997479 -0.070969 -0
-0.672093 0.636911 -0.091684 0.375 0.125 -0.999674 0.02553 -0
-0.626948 1.76472 -0.099999 0.375 0.125 -0.997002 -0.077372 -0
-0.672093 0.636911 -0.667979 0.375 0 -0.999658 0.026142 -0
-0.672093 0 0.66798 0.375 0.25 0 0 1
-0.018612 0.636911 0.66798 0.625 0.25 0 -0.021865 0.999761
-0.672093 0.636911 0.66798 0.375 0.25 0 -0.033471 0.99944
-0.018612 0 0.66798 0.625 0.25 0 0 1
-0.018612 0.636911 0.66798 0.625 0.25 0 -0.021865 0.999761
-0.672093 0 0.66798 0.375 0.25 0 0 1
0.970477 0 0.66798 0.625 0.25 1 0 -0
0.970477 0.636911 0.091684 0.625 0.125 1 0 -0
0.970477 0.636911 0.66798 0.625 0.25 1 0 -0
0.970477 0 0.091684 0.625 0.125 1 0 -0
0.970477 0.636911 0.091684 0.625 0.125 1 0 -0
0.970477 0 0.66798 0.625 0.25 1 0 -0
-0.018612 0 0.091684 0.625 0.125 0 0 -1
-0.672093 0.636911 0.091684 0.375 0.125 0 0.004669 -0.999989
-0.018612 0.636911 0.091684 0.625 0.125 0 0.002927 -0.999996
-0.672093 0 0.091684 0.375 0.125 0 0 -1
-0.672093 0.636911 0.091684 0.375 0.125 0 0.004669 -0.999989
-0.018612 0 0.091684 0.625 0.125 0 0 -1
-0.672093 0 0.091684 0.375 0.125 -1 0 -0
-0.672093 0.636911 0.66798 0.375 0.25 -0.999658 0.026142 -0
-0.672093 0.636911 0.091684 0.375 0.125 -0.999674 0.02553 -0
-0.672093 0 0.66798 0.375 0.25 -1 0 -0
-0.672093 0.636911 0.66798 0.375 0.25 -0.999658 0.026142 -0
-0.672093 0 0.091684 0.375 0.125 -1 0 -0
-0.672093 0 -0.091684 0.375 0.125 0 0 1
-0.018612 0.636911 -0.091684 0.625 0.125 0 0.003002 0.999996
-0.672093 0.636911 -0.091684 0.375 0.125 0 0.004596 0.999989
-0.018612 0 -0.091684 0.625 0.125 0 0 1
-0.018612 0.636911 -0.091684 0.625 0.125 0 0.003002 0.999996
-0.672093 0 -0.091684 0.375 0.125 0 0 1
0.970477 0 -0.091684 0.625 0.125 1 0 -0
0.970477 0.636911 -0.667979 0.625 0 1 0 -0
0.970477 0.636911 -0.091684 0.625 0.125 1 0 -0
0.970477 0 -0.667979 0.625 0 1 0 -0
0.970477 0.636911 -0.667979 0.625 0 1 0 -0
0.970477 0 -0.091684 0.625 0.125 1 0 -0
-0.018612 0 -0.667979 0.625 0 0 0 -1
-0.672093 0.636911 -0.667979 0.375 0 0 -0.033995 -0.999422
-0.018612 0.636911 -0.667979 0.625 0 0 -0.021325 -0.999773
-0.672093 0 -0.667979 0.375 0 0 0 -1
-0.672093 0.636911 -0.667979 0.375 0 0 -0.033995 -0.999422
-0.018612 0 -0.667979 0.625 0 0 0 -1
-0.672093 0 -0.667979 0.375 0 -1 0 -0
-0.672093 0.636911 -0.091684 0.375 0.125 -0.999674 0.02553 -0
-0.672093 0.636911 -0.667979 0.375 0 -0.999658 0.026142 -0
-0.672093 0 -0.091684 0.375 0.125 -1 0 -0
-0.672093 0.636911 -0.091684 0.375 0.125 -0.999674 0.02553 -0
-0.672093 0 -0.667979 0.375 0 -1 0 -0
0.970477 0.636911 0.66798 0.625 0.25 0 1 -0
-0.018612 0.636911 0.091684 0.625 0.125 0 1 -0
-0.018612 0.636911 0.66798 0.625 0.25 0 1 -0
0.970477 0.636911 0.091684 0.625 0.125 0 1 -0
-0.018612 0.636911 0.091684 0.625 0.125 0 1 -0
0.970477 0.636911 0.66798 0.625 0.25 0 1 -0
0.970477 0.636911 0.091684 0.625 0.125 0 0 -1
-0.018612 0 0.091684 0.625 0.125 0 0 -1
-0.018612 0.636911 0.091684 0.625 0.125 0 0.002927 -0.999996
0.970477 0 0.091684 0.625 0.125 0 0 -1
-0.018612 0 0.091684 0.625 0.125 0 0 -1
0.970477 0.636911 0.091684 0.625 0.125 0 0 -1
0.970477 0 0.091684 0.625 0.125 0 -1 -0
-0.018612 0 0.66798 0.625 0.25 0 -1 -0
-0.018612 0 0.091684 0.625 0.125 0 -1 -0
0.970477 0 0.66798 0.625 0.25 0 -1 -0
-0.018612 0 0.66798 0.625 0.25 0 -1 -0
0.970477 0 0.091684 0.625 0.125 0 -1 -0
0.970477 0 0.66798 0.625 0.25 0 0 1
-0.018612 0.636911 0.66798 0.625 0.25 0 -0.021865 0.999761
-0.018612 0 0.66798 0.625 0.25 0 0 1
0.970477 0.636911 0.66798 0.625 0.25 0 0 1
-0.018612 0.636911 0.66798 0.625 0.25 0 -0.021865 0.999761
0.970477 0 0.66798 0.625 0.25 0 0 1
0.970477 0.636911 -0.091684 0.625 0.125 0 1 -0
-0.018612 0.636911 -0.667979 0.625 0 0 1 -0
-0.018612 0.636911 -0.091684 0.625 0.125 0 1 -0
0.970477 0.636911 -0.667979 0.625 0 0 1 -0
-0.018612 0.636911 -0.667979 0.625 0 0 1 -0
0.970477 0.636911 -0.091684 0.625 0.125 0 1 -0
0.970477 0.636911 -0.667979 0.625 0 0 0 -1
-0.018612 0 -0.667979 0.625 0 0 0 -1
-0.018612 0.636911 -0.667979 0.625 0 0 -0.021325 -0.999773
0.970477 0 -0.667979 0.625 0 0 0 -1
-0.018612 0 -0.667979 0.625 0 0 0 -1
0.970477 0.636911 -0.667979 0.625 0 0 0 -1
0.970477 0 -0.667979 0.625 0 0 -1 -0
-0.018612 0 -0.091684 0.625 0.125 0 -1 -0
-0.018612 0 -0.667979 0.625 0 0 -1 -0
0.970477 0 -0.091684 0.625 0.125 0 -1 -0
-0.018612 0 -0.091684 0.625 0.125 0 -1 -0
0.970477 0 -0.667979 0.625 0 0 -1 -0
0.970477 0 -0.091684 0.625 0.125 0 0 1
-0.018612 0.636911 -0.091684 0.625 0.125 0 0.003002 0.999996
-0.018612 0 -0.091684 0.625 0.125 0 0 1
0.970477 0.636911 -0.091684 0.625 0.125 0 0 1
-0.018612 0.636911 -0.091684 0.625 0.125 0 0.003002 0.999996
0.970477 0 -0.091684 0.625 0.125 0 0 1
-0.970477 5.88362 -0.625124 0.375 0.75 0 -0.041507 -0.999138
0.154648 5.6911 -0.499999 0.625 0.75 0 -0.544949 -0.838469
-0.845352 5.6911 -0.499999 0.375 0.75 0 -0.54495 -0.838469
0.279772 5.88362 -0.625124 0.625 0.75 0 -0.048941 -0.998802
0.154648 5.6911 -0.499999 0.625 0.75 0 -0.544949 -0.838469
-0.970477 5.88362 -0.625124 0.375 0.75 0 -0.041507 -0.999138
0.279772 5.88362 -0.625124 0.625 0.75 0.999138 -0.041507 -0
0.154648 5.6911 0.500001 0.625 0.5 0.989678 -0.123181 0.073244
0.154648 5.6911 -0.499999 0.625 0.75 0.992027 -0.108523 -0.064076
0.279772 5.88362 0.625125 0.625 0.5 0.998802 -0.048941 -0
0.154648 5.6911 0.500001 0.625 0.5 0.989678 -0.123181 0.073244
0.279772 5.88362 -0.625124 0.625 0.75 0.999138 -0.041507 -0
0.279772 5.88362 0.625125 0.625 0.5 0 -0.041507 0.999138
-0.845352 5.6911 0.500001 0.375 0.5 0 -0.544949 0.838469
0.154648 5.6911 0.500001 0.625 0.5 0 -0.54495 0.838469
-0.970477 5.88362 0.625125 0.375 0.5 0 -0.048941 0.998802
-0.845352 5.6911 0.500001 0.375 0.5 0 -0.544949 0.838469
0.279772 5.88362 0.625125 0.625 0.5 0 -0.041507 0.999138
-0.970477 5.88362 0.625125 0.375 0.5 -0.999138 -0.041507 -0
-0.845352 5.6911 -0.499999 0.375 0.75 -0.989678 -0.123181 -0.073244
-0.845352 5.6911 0.500001 0.375 0.5 -0.992027 -0.108523 0.064076
-0.970477 5.88362 -0.625124 0.375 0.75 -0.998802 -0.048941 -0
-0.845352 5.6911 -0.499999 0.375 0.75 -0.989678 -0.123181 -0.073244
-0.970477 5.88362 0.625125 0.375 0.5 -0.999138 -0.041507 -0
-0.970477 7.4947 -0.625124 0.375 0.75 0 0 -1
0.279772 5.88362 -0.625124 0.625 0.75 0 -0.048941 -0.998802
-0.970477 5.88362 -0.625124 0.375 0.75 0 -0.041507 -0.999138
0.279772 7.4947 -0.625124 0.625 0.75 0 0 -1
0.279772 5.88362 -0.625124 0.625 0.75 0 -0.048941 -0.998802
-0.970477 7.4947 -0.625124 0.375 0.75 0 0 -1
0.279772 7.4947 -0.625124 0.625 0.75 1 0 -0
0.279772 5.88362 0.625125 0.625 0.5 0.998802 -0.048941 -0
0.279772 5.88362 -0.625124 0.625 0.75 0.999138 -0.041507 -0
0.279772 7.4947 0.625125 0.625 0.5 1 0 -0
0.279772 5.88362 0.625125 0.625 0.5 0.998802 -0.048941 -0
0.279772 7.4947 -0.625124 0.625 0.75 1 0 -0
0.279772 7.4947 0.625125 0.625 0.5 0 0 1
-0.970477 5.88362 0.625125 0.375 0.5 0 -0.048941 0.998802
0.279772 5.88362 0.625125 0.625 0.5 0 -0.041507 0.999138
-0.970477 7.4947 0.625125 0.375 0.5 0 0 1
-0.970477 5.88362 0.625125 0.375 0.5 0 -0.048941 0.998802
0.279772 7.4947 0.625125 0.625 0.5 0 0 1
-0.970477 7.4947 0.625125 0.375 0.5 -1 0 -0
-0.970477 5.88362 -0.625124 0.375 0.75 -0.998802 -0.048941 -0
-0.970477 5.88362 0.625125 0.375 0.5 -0.999138 -0.041507 -0
-0.970477 7.4947 -0.625124 0.375 0.75 -1 0 -0
-0.970477 5.88362 -0.625124 0.375 0.75 -0.998802 -0.048941 -0
-0.970477 7.4947 0.625125 0.375 0.5 -1 0 -0
